%YAML:1.0
---
CameraSelfCheckRoi:
   - { x:470, y:306 }
   - { x:1730, y:273 }
   - { x:1731, y:769 }
   - { x:488, y:762 }
