%YAML:1.0
---
NavLineCheckRoi:
   - { x:469, y:512 }
   - { x:1737, y:541 }
   - { x:1737, y:590 }
   - { x:468, y:576 }
