%YAML:1.0
---
CameraSelfCheckRoi:
   - { x:500, y:338 }
   - { x:1742, y:304 }
   - { x:1750, y:800 }
   - { x:499, y:794 }
