%YAML:1.0
---
NavLineCheckRoi:
   - { x:416, y:518 }
   - { x:1675, y:548 }
   - { x:1675, y:596 }
   - { x:414, y:584 }
