%YAML:1.0
---
CameraSelfCheckRoi:
   - { x:342, y:312 }
   - { x:1576, y:322 }
   - { x:1579, y:794 }
   - { x:329, y:789 }
