%YAML:1.0
---
NavLineCheckRoi:
   - { x:331, y:524 }
   - { x:1586, y:577 }
   - { x:1585, y:623 }
   - { x:327, y:591 }
