%YAML:1.0
---
CameraSelfCheckRoi:
   - { x:469, y:308 }
   - { x:1728, y:271 }
   - { x:1731, y:774 }
   - { x:489, y:766 }
