%YAML:1.0
---
CameraSelfCheckRoi:
   - { x:469., y:305. }
   - { x:1726., y:274. }
   - { x:1734., y:769. }
   - { x:486., y:762. }
