%YAML:1.0
---
NavLineCheckRoi:
   - { x:462., y:510. }
   - { x:1742., y:541. }
   - { x:1743., y:589. }
   - { x:462., y:575. }
