%YAML:1.0
---
NavLineCheckRoi:
   - { x:467, y:513 }
   - { x:1745, y:542 }
   - { x:1744, y:592 }
   - { x:465, y:574 }
